1    11.147   13.781  -11.727   13.086  -23.586 -165.452 
2     8.988   14.165  -15.530  178.310  -78.919    7.127 
1    28.068   15.692  -14.644 -155.030    3.586   83.594 
2     8.132   13.110  -15.463  170.471  -80.907   17.944 
1    18.243   21.338  -11.335 -112.495  -20.905  -55.794 
2     8.346   12.953  -15.825  170.649  -79.891   18.131 
1    20.676    6.919  -11.772  117.328  -28.843  144.332 
2     8.455   12.963  -16.025  173.790  -79.642   15.166 
1    21.047   12.437  -25.559  124.647  -84.546   97.622 
2    11.362   13.888  -16.112  163.300  -77.682   10.361 
