1    18.629   22.437  -18.214  -85.165   -9.302  -73.565 
2    11.602   14.912  -17.666  173.717  -72.648    6.325 
1    18.290   21.370  -21.536  -83.781  -26.999  -73.484 
2    11.576   14.651  -18.002  172.819  -72.208    7.870 
1    18.035   19.401  -23.914  -80.101  -44.754  -61.949 
2    11.458   14.610  -17.838  171.892  -72.619    8.863 
1    18.178   16.997  -25.596  -57.172  -59.379  -74.886 
2    11.403   14.578  -17.858  171.744  -72.928    9.121 
1    20.082   22.639  -17.469  -93.181  -18.921  -73.605 
2    11.541   14.616  -18.075  172.066  -72.149    8.654 
1    19.635   22.248  -20.636  -92.830  -21.635  -64.859 
2    11.419   14.495  -17.892  171.015  -72.583    9.960 
1    19.532   20.646  -23.586  -88.905  -25.978  -56.794 
2    11.480   14.399  -18.029  170.982  -72.227   10.058 
1    19.388   18.455  -25.450  -63.070  -50.923  -67.453 
2    11.397   14.319  -17.979  170.536  -72.490   10.788 
1    19.683   15.288  -26.579  -61.189  -70.370  -66.006 
2    11.432   14.061  -17.949  169.047  -72.839   12.681 
1    21.301   22.476  -19.601 -100.008  -19.766  -58.674 
2    11.578   13.940  -18.003  168.312  -72.359   13.580 
1    21.262   21.662  -22.670  -93.276  -31.154  -51.589 
2    11.675   14.074  -18.154  169.355  -72.003   12.216 
1    21.106   19.904  -24.768  -84.859  -49.167  -48.131 
2    11.526   14.009  -18.014  170.419  -72.405   11.709 
1    21.157   17.050  -26.541  -75.972  -66.145  -52.450 
2    11.523   13.928  -17.991  169.621  -72.608   12.657 
1    23.014   22.512  -18.221 -102.487  -19.069  -61.296 
2    11.572   13.748  -17.949  168.308  -72.386   14.179 
1    22.451   22.431  -21.060  -98.837  -24.331  -51.216 
2    11.367   13.849  -17.815  169.142  -72.458   13.546 
1    22.116   21.114  -23.729  -96.371  -37.821  -39.129 
2    11.318   13.980  -17.783  169.596  -72.682   12.831 
1    22.285   18.600  -25.919  -88.209  -59.318  -36.805 
2    11.375   13.846  -17.913  168.979  -72.564   13.667 
1    22.410   15.846  -26.976  -92.964  -77.859  -29.616 
2    11.237   13.944  -17.932  169.492  -72.943   13.117 
1    23.846   22.478  -19.672 -106.141  -16.592  -39.027 
2    11.281   13.640  -17.921  168.043  -72.600   15.014 
1    23.731   21.456  -22.825 -103.356  -23.492  -33.572 
2    11.366   13.417  -17.921  166.314  -72.290   16.846 
1    23.569   19.504  -25.156 -100.272  -50.165  -24.472 
2    11.247   13.455  -17.896  166.544  -72.620   16.619 
1    23.906   16.996  -26.566 -103.992  -68.076  -18.979 
2    11.326   13.529  -17.958  166.891  -72.554   16.180 
1    19.573   11.419  -26.454   65.839  -68.621   81.171 
2    11.725   14.342  -18.795  174.824  -71.494    6.628 
1    19.396    9.203  -24.807   84.334  -42.141   69.115 
2    11.497   14.572  -18.650  175.547  -71.962    5.286 
1    19.777    7.564  -22.567   84.962  -25.564   73.565 
2    11.607   14.802  -18.503  176.684  -71.981    3.656 
1    19.986    6.661  -19.581   90.524  -12.983   77.672 
2    11.670   14.840  -18.646  176.969  -71.664    3.382 
1    20.532   13.269  -27.129   71.244  -73.284   84.001 
2    11.430   14.619  -18.657  176.386  -72.260    4.856 
1    20.722   10.134  -26.023   87.186  -63.132   75.239 
2    11.434   14.484  -18.671  175.442  -72.118    6.093 
1    20.860    7.844  -24.142   92.758  -42.099   72.809 
2    11.335   14.486  -18.702  175.480  -72.257    6.162 
1    21.179    6.772  -21.541   94.300  -18.110   77.158 
2    11.356   14.770  -18.718  177.332  -72.086    4.020 
1    21.370    6.353  -18.347   95.632   -7.799   82.376 
2    11.351   14.802  -18.635  176.992  -72.267    4.144 
1    22.043   11.481  -26.855  102.123  -65.094   64.230 
2    11.348   14.612  -18.566  176.005  -72.668    5.284 
1    22.423    8.916  -25.355   96.531  -48.382   72.718 
2    11.515   14.643  -18.669  176.325  -72.032    4.952 
1    22.753    7.271  -23.035  100.595  -33.205   77.138 
2    11.617   14.887  -18.716  177.837  -71.712    3.055 
1    23.090    6.523  -20.040  100.205  -14.502   82.781 
2    11.598   14.813  -18.633  178.510  -71.909    2.930 
1    23.476   13.214  -27.411  115.709  -72.800   45.076 
2    11.429   14.586  -18.543  177.049  -72.586    4.764 
1    23.912   10.335  -26.428  109.582  -60.118   57.463 
2    11.522   14.624  -18.718  177.592  -71.932    4.302 
1    24.140    8.321  -24.373  105.433  -42.234   67.636 
2    11.494   14.912  -18.490  178.922  -72.293    2.361 
1    24.369    7.138  -21.545  108.308  -24.231   76.458 
2    11.476   14.987  -18.474  179.319  -72.300    1.909 
1    24.670    6.796  -18.557  110.033   -6.679   82.969 
2    11.486   14.948  -18.535  179.527  -72.299    1.838 
1    25.064   12.240  -26.950  119.110  -64.427   46.769 
2    11.380   14.785  -18.509  178.336  -72.433    3.382 
1    25.340    9.598  -25.358  115.083  -51.440   56.662 
2    11.405   14.787  -18.453  178.454  -72.499    3.252 
1    25.687    7.942  -22.922  111.712  -27.609   69.403 
2    11.392   14.896  -18.475  178.836  -72.565    2.555 
1    25.797    7.507  -20.211  114.497  -11.811   75.657 
2    11.454   15.113  -18.509  179.908  -72.432    0.991 
1    19.586   18.868  -17.475  -81.865   -3.637  -52.766 
2    11.360   12.587  -17.448  151.813  -74.782   23.634 
1    19.127   18.337  -20.532  -73.993  -14.017  -45.197 
2    11.394   12.533  -17.505  152.017  -74.591   23.641 
1    18.763   16.729  -22.920  -64.762  -27.494  -31.756 
2    11.374   12.359  -17.490  150.804  -74.535   25.134 
1    18.545   14.393  -24.915  -52.115  -41.120  -36.533 
2    11.495   12.355  -17.535  150.962  -74.366   24.972 
1    18.838   11.694  -25.930  -39.112  -48.939  -41.002 
2    11.478   12.337  -17.624  151.943  -74.020   24.593 
1    22.363   19.099  -18.472  -85.736   -4.366  -11.090 
2    11.353   12.149  -17.509  150.008  -74.286   26.879 
1    21.703   18.538  -21.519  -84.520  -13.406  -13.966 
2    11.446   12.086  -17.567  149.979  -74.113   26.991 
1    21.202   16.987  -23.853  -80.058  -33.934  -17.901 
2    11.439   12.026  -17.566  150.069  -74.201   27.027 
1    21.063   14.757  -25.506  -72.215  -53.469  -17.193 
2    11.488   11.929  -17.524  149.840  -74.257   27.406 
1    21.140   11.799  -26.642  -55.302  -63.553  -29.440 
2    11.474   11.924  -17.553  150.362  -74.388   27.158 
1    25.546   18.213  -19.130 -100.509    4.694    6.778 
2    11.715   11.501  -17.633  149.123  -73.321   28.933 
1    24.830   18.091  -21.958  -98.609  -16.184    1.598 
2    11.598   11.526  -17.690  149.119  -73.542   28.925 
1    24.013   16.902  -24.349  -96.364  -34.735    2.317 
2    11.410   11.726  -17.498  149.418  -74.115   28.741 
1    24.161   14.581  -25.820  -95.695  -51.321    4.606 
2    11.452   11.985  -17.339  151.567  -74.216   26.356 
1    24.188   11.809  -26.536  -87.894  -75.315    1.012 
2    11.392   11.823  -17.390  150.513  -74.116   27.757 
1    19.084   14.619  -24.335   29.065  -73.422  129.579 
2    11.531   15.914  -16.435 -176.918  -73.640   -3.792 
1    19.053   11.674  -23.296   64.072  -60.537  100.486 
2    11.427   15.766  -16.444 -177.792  -73.930   -2.570 
1    19.353    9.652  -21.619   76.150  -42.748   91.752 
2    11.509   15.723  -16.509 -178.110  -73.809   -2.359 
1    19.716    8.277  -19.309   84.125  -21.847   89.214 
2    11.589   15.747  -16.432 -178.277  -73.917   -2.392 
1    20.258    7.713  -16.472   86.506   -9.777   90.420 
2    11.619   15.709  -16.558 -178.476  -73.845   -2.166 
1    21.772   13.784  -25.150   88.454  -78.629   72.971 
2    11.565   15.515  -16.632 -179.620  -74.051   -0.689 
1    21.866   11.161  -24.106   97.324  -59.596   73.093 
2    11.508   15.452  -16.554  179.820  -74.179    0.008 
1    22.295    8.670  -22.370  101.583  -45.540   78.363 
2    11.560   15.451  -16.730  179.673  -73.933    0.080 
1    22.696    7.508  -19.613   99.333  -31.505   86.786 
2    11.503   15.400  -16.635  179.330  -74.211    0.459 
1    23.075    7.167  -16.878  101.064  -12.609   90.790 
2    11.596   15.456  -16.805  179.760  -73.941   -0.051 
1    24.741   14.039  -25.597  148.982  -71.988   22.244 
2    11.559   15.309  -16.792  178.749  -74.102    1.203 
1    24.704   10.973  -24.625  131.705  -56.983   50.809 
2    11.503   15.229  -16.820  177.636  -74.222    2.442 
1    25.308    8.793  -22.632  120.255  -42.429   68.393 
2    11.575   15.230  -16.946  177.560  -74.066    2.454 
1    25.329    7.926  -19.950  119.860  -25.243   76.817 
2    11.550   15.396  -16.895  178.506  -74.141    1.142 
1    25.788    7.687  -17.037  118.369  -10.842   87.732 
2    11.682   15.272  -16.908  177.529  -73.953    2.200 