1    19.573   11.419  -26.454   65.839  -68.621   81.171 
2    11.725   14.342  -18.795  174.824  -71.494    6.628 
1    19.396    9.203  -24.807   84.334  -42.141   69.115 
2    11.497   14.572  -18.650  175.547  -71.962    5.286 
1    19.777    7.564  -22.567   84.962  -25.564   73.565 
2    11.607   14.802  -18.503  176.684  -71.981    3.656 
1    19.986    6.661  -19.581   90.524  -12.983   77.672 
2    11.670   14.840  -18.646  176.969  -71.664    3.382 
1    20.532   13.269  -27.129   71.244  -73.284   84.001 
2    11.430   14.619  -18.657  176.386  -72.260    4.856 
1    20.722   10.134  -26.023   87.186  -63.132   75.239 
2    11.434   14.484  -18.671  175.442  -72.118    6.093 
1    20.860    7.844  -24.142   92.758  -42.099   72.809 
2    11.335   14.486  -18.702  175.480  -72.257    6.162 
1    21.179    6.772  -21.541   94.300  -18.110   77.158 
2    11.356   14.770  -18.718  177.332  -72.086    4.020 
1    21.370    6.353  -18.347   95.632   -7.799   82.376 
2    11.351   14.802  -18.635  176.992  -72.267    4.144 
1    22.043   11.481  -26.855  102.123  -65.094   64.230 
2    11.348   14.612  -18.566  176.005  -72.668    5.284 
1    22.423    8.916  -25.355   96.531  -48.382   72.718 
2    11.515   14.643  -18.669  176.325  -72.032    4.952 
1    22.753    7.271  -23.035  100.595  -33.205   77.138 
2    11.617   14.887  -18.716  177.837  -71.712    3.055 
1    23.090    6.523  -20.040  100.205  -14.502   82.781 
2    11.598   14.813  -18.633  178.510  -71.909    2.930 
1    23.476   13.214  -27.411  115.709  -72.800   45.076 
2    11.429   14.586  -18.543  177.049  -72.586    4.764 
1    23.912   10.335  -26.428  109.582  -60.118   57.463 
2    11.522   14.624  -18.718  177.592  -71.932    4.302 
1    24.140    8.321  -24.373  105.433  -42.234   67.636 
2    11.494   14.912  -18.490  178.922  -72.293    2.361 
1    24.369    7.138  -21.545  108.308  -24.231   76.458 
2    11.476   14.987  -18.474  179.319  -72.300    1.909 
1    24.670    6.796  -18.557  110.033   -6.679   82.969 
2    11.486   14.948  -18.535  179.527  -72.299    1.838 
1    25.064   12.240  -26.950  119.110  -64.427   46.769 
2    11.380   14.785  -18.509  178.336  -72.433    3.382 
1    25.340    9.598  -25.358  115.083  -51.440   56.662 
2    11.405   14.787  -18.453  178.454  -72.499    3.252 
1    25.687    7.942  -22.922  111.712  -27.609   69.403 
2    11.392   14.896  -18.475  178.836  -72.565    2.555 
1    25.797    7.507  -20.211  114.497  -11.811   75.657 
2    11.454   15.113  -18.509  179.908  -72.432    0.991 
