1    18.629   22.437  -18.214  -85.165   -9.302  -73.565 
2    11.602   14.912  -17.666  173.717  -72.648    6.325 
1    18.290   21.370  -21.536  -83.781  -26.999  -73.484 
2    11.576   14.651  -18.002  172.819  -72.208    7.870 
1    18.035   19.401  -23.914  -80.101  -44.754  -61.949 
2    11.458   14.610  -17.838  171.892  -72.619    8.863 
1    18.178   16.997  -25.596  -57.172  -59.379  -74.886 
2    11.403   14.578  -17.858  171.744  -72.928    9.121 
1    20.082   22.639  -17.469  -93.181  -18.921  -73.605 
2    11.541   14.616  -18.075  172.066  -72.149    8.654 
1    19.635   22.248  -20.636  -92.830  -21.635  -64.859 
2    11.419   14.495  -17.892  171.015  -72.583    9.960 
1    19.532   20.646  -23.586  -88.905  -25.978  -56.794 
2    11.480   14.399  -18.029  170.982  -72.227   10.058 
1    19.388   18.455  -25.450  -63.070  -50.923  -67.453 
2    11.397   14.319  -17.979  170.536  -72.490   10.788 
1    19.683   15.288  -26.579  -61.189  -70.370  -66.006 
2    11.432   14.061  -17.949  169.047  -72.839   12.681 
1    21.301   22.476  -19.601 -100.008  -19.766  -58.674 
2    11.578   13.940  -18.003  168.312  -72.359   13.580 
1    21.262   21.662  -22.670  -93.276  -31.154  -51.589 
2    11.675   14.074  -18.154  169.355  -72.003   12.216 
1    21.106   19.904  -24.768  -84.859  -49.167  -48.131 
2    11.526   14.009  -18.014  170.419  -72.405   11.709 
1    21.157   17.050  -26.541  -75.972  -66.145  -52.450 
2    11.523   13.928  -17.991  169.621  -72.608   12.657 
1    23.014   22.512  -18.221 -102.487  -19.069  -61.296 
2    11.572   13.748  -17.949  168.308  -72.386   14.179 
1    22.451   22.431  -21.060  -98.837  -24.331  -51.216 
2    11.367   13.849  -17.815  169.142  -72.458   13.546 
1    22.116   21.114  -23.729  -96.371  -37.821  -39.129 
2    11.318   13.980  -17.783  169.596  -72.682   12.831 
1    22.285   18.600  -25.919  -88.209  -59.318  -36.805 
2    11.375   13.846  -17.913  168.979  -72.564   13.667 
1    22.410   15.846  -26.976  -92.964  -77.859  -29.616 
2    11.237   13.944  -17.932  169.492  -72.943   13.117 
1    23.846   22.478  -19.672 -106.141  -16.592  -39.027 
2    11.281   13.640  -17.921  168.043  -72.600   15.014 
1    23.731   21.456  -22.825 -103.356  -23.492  -33.572 
2    11.366   13.417  -17.921  166.314  -72.290   16.846 
1    23.569   19.504  -25.156 -100.272  -50.165  -24.472 
2    11.247   13.455  -17.896  166.544  -72.620   16.619 
1    23.906   16.996  -26.566 -103.992  -68.076  -18.979 
2    11.326   13.529  -17.958  166.891  -72.554   16.180 
