1    19.084   14.619  -24.335   29.065  -73.422  129.579 
2    11.531   15.914  -16.435 -176.918  -73.640   -3.792 
1    19.053   11.674  -23.296   64.072  -60.537  100.486 
2    11.427   15.766  -16.444 -177.792  -73.930   -2.570 
1    19.353    9.652  -21.619   76.150  -42.748   91.752 
2    11.509   15.723  -16.509 -178.110  -73.809   -2.359 
1    19.716    8.277  -19.309   84.125  -21.847   89.214 
2    11.589   15.747  -16.432 -178.277  -73.917   -2.392 
1    20.258    7.713  -16.472   86.506   -9.777   90.420 
2    11.619   15.709  -16.558 -178.476  -73.845   -2.166 
1    21.772   13.784  -25.150   88.454  -78.629   72.971 
2    11.565   15.515  -16.632 -179.620  -74.051   -0.689 
1    21.866   11.161  -24.106   97.324  -59.596   73.093 
2    11.508   15.452  -16.554  179.820  -74.179    0.008 
1    22.295    8.670  -22.370  101.583  -45.540   78.363 
2    11.560   15.451  -16.730  179.673  -73.933    0.080 
1    22.696    7.508  -19.613   99.333  -31.505   86.786 
2    11.503   15.400  -16.635  179.330  -74.211    0.459 
1    23.075    7.167  -16.878  101.064  -12.609   90.790 
2    11.596   15.456  -16.805  179.760  -73.941   -0.051 
1    24.741   14.039  -25.597  148.982  -71.988   22.244 
2    11.559   15.309  -16.792  178.749  -74.102    1.203 
1    24.704   10.973  -24.625  131.705  -56.983   50.809 
2    11.503   15.229  -16.820  177.636  -74.222    2.442 
1    25.308    8.793  -22.632  120.255  -42.429   68.393 
2    11.575   15.230  -16.946  177.560  -74.066    2.454 
1    25.329    7.926  -19.950  119.860  -25.243   76.817 
2    11.550   15.396  -16.895  178.506  -74.141    1.142 
1    25.788    7.687  -17.037  118.369  -10.842   87.732 
2    11.682   15.272  -16.908  177.529  -73.953    2.200 
