1    19.586   18.868  -17.475  -81.865   -3.637  -52.766 
2    11.360   12.587  -17.448  151.813  -74.782   23.634 
1    19.127   18.337  -20.532  -73.993  -14.017  -45.197 
2    11.394   12.533  -17.505  152.017  -74.591   23.641 
1    18.763   16.729  -22.920  -64.762  -27.494  -31.756 
2    11.374   12.359  -17.490  150.804  -74.535   25.134 
1    18.545   14.393  -24.915  -52.115  -41.120  -36.533 
2    11.495   12.355  -17.535  150.962  -74.366   24.972 
1    18.838   11.694  -25.930  -39.112  -48.939  -41.002 
2    11.478   12.337  -17.624  151.943  -74.020   24.593 
1    22.363   19.099  -18.472  -85.736   -4.366  -11.090 
2    11.353   12.149  -17.509  150.008  -74.286   26.879 
1    21.703   18.538  -21.519  -84.520  -13.406  -13.966 
2    11.446   12.086  -17.567  149.979  -74.113   26.991 
1    21.202   16.987  -23.853  -80.058  -33.934  -17.901 
2    11.439   12.026  -17.566  150.069  -74.201   27.027 
1    21.063   14.757  -25.506  -72.215  -53.469  -17.193 
2    11.488   11.929  -17.524  149.840  -74.257   27.406 
1    21.140   11.799  -26.642  -55.302  -63.553  -29.440 
2    11.474   11.924  -17.553  150.362  -74.388   27.158 
1    25.546   18.213  -19.130 -100.509    4.694    6.778 
2    11.715   11.501  -17.633  149.123  -73.321   28.933 
1    24.830   18.091  -21.958  -98.609  -16.184    1.598 
2    11.598   11.526  -17.690  149.119  -73.542   28.925 
1    24.013   16.902  -24.349  -96.364  -34.735    2.317 
2    11.410   11.726  -17.498  149.418  -74.115   28.741 
1    24.161   14.581  -25.820  -95.695  -51.321    4.606 
2    11.452   11.985  -17.339  151.567  -74.216   26.356 
1    24.188   11.809  -26.536  -87.894  -75.315    1.012 
2    11.392   11.823  -17.390  150.513  -74.116   27.757 
